00000000000000000000000000000
00311111111100000111111111300
01100000000111111100000000110
01001111111100200111111110010
01101000000001110000000010110
00101111111100000111111110100
01101011111111111111111110110
01101111111111111111111110010
01101111111111111111111110110
01101111111111111111111110100
01101111111111111111111110110
01101111111111111111111110010
01101111111111111111111110110
01101111111111111111111110100
01101111111111111111111110110
01101111111111111111111110010
01101111111111111111111110110
01101111111111111111111110100
01101111111111111111111110110
01101111111111111111111110010
01101111111111111111111110110
01101111111111111111111110100
01101111111111111111111110110
01101111111111111111111110010
01101111111111111111111110110
01101111111111111111111110100
01101111111111111111111110110
01101111111111111111111110010
01111111111111111111111111110
00000000000000000000000000000
